1 1 0 0 1 0 0
2 0 0 0 1 0 0
3 0 0 0 1 0 0
4 0 0 0 1 0 0
5 0 0 0 1 0 0
6 4 0 0 5 0 0
7 0 0 0 5 0 0
8 0 0 0 5 0 0
9 2 0 0 7 0 0
10 0 0 0 7 0 0
11 0 0 0 7 0 0
12 13 0 0 20 0 0
13 16 0 0 36 0 0
14 8 0 0 44 0 0
15 17 0 1 61 0 1
16 5 0 0 66 0 1
17 18 0 0 84 0 1
18 38 0 0 122 0 1
19 46 0 0 168 0 1
20 33 0 0 201 0 1
21 40 0 4 241 0 5
22 67 0 0 308 0 5
23 98 0 1 406 0 6
24 165 0 1 571 0 7
25 199 0 0 770 0 7
26 224 0 7 994 0 14
27 295 0 15 1289 0 29
28 293 0 11 1582 0 40
29 455 0 13 2037 0 53
30 457 0 9 2494 0 62
31 556 0 14 3050 0 76
32 587 0 34 3637 0 110
33 590 1 37 4227 1 147
34 644 2 40 4871 3 187
35 641 1 31 5512 4 218
36 606 0 61 6118 4 279
37 438 0 81 6556 4 360
38 420 2 160 6976 6 520
39 336 2 149 7312 8 669
40 317 2 207 7629 10 876
41 272 4 258 7901 14 1134
42 203 6 290 8104 20 1424
43 171 10 384 8275 30 1808
44 122 8 463 8397 38 2271
45 106 7 559 8503 45 2830
46 74 13 554 8577 58 3384
47 55 12 591 8632 70 3975
48 36 8 625 8668 78 4600
49 41 17 646 8709 95 5246
50 31 18 628 8740 113 5874
51 26 12 488 8766 125 6362
52 15 17 418 8781 142 6780
53 11 7 346 8792 149 7126
54 10 17 296 8802 166 7422
55 4 9 269 8806 175 7691
56 6 7 203 8812 182 7894
57 5 3 161 8817 185 8055
58 3 5 121 8820 190 8176
59 2 4 112 8822 194 8288
60 1 3 66 8823 197 8354
61 1 3 54 8824 200 8408
62 1 3 39 8825 203 8447
63 1 2 37 8826 205 8484
64 0 0 30 8826 205 8514
65 1 3 27 8827 208 8541
66 0 2 19 8827 210 8560
67 1 0 15 8828 210 8575
68 0 1 11 8828 211 8586
69 0 1 5 8828 212 8591
70 0 0 7 8828 212 8598
71 0 0 2 8828 212 8600
72 1 0 5 8829 212 8605
73 0 0 4 8829 212 8609
74 1 0 1 8830 212 8610
75 0 0 2 8830 212 8612
76 0 0 0 8830 212 8612
77 0 0 1 8830 212 8613
78 0 0 1 8830 212 8614
79 2 0 1 8832 212 8615
80 0 0 0 8832 212 8615
81 0 0 0 8832 212 8615
82 1 0 1 8833 212 8616
83 0 0 0 8833 212 8616
84 0 0 0 8833 212 8616
85 0 0 0 8833 212 8616
86 0 0 1 8833 212 8617
87 0 0 0 8833 212 8617
88 1 0 1 8834 212 8618
89 0 0 0 8834 212 8618
90 0 0 0 8834 212 8618
91 0 0 0 8834 212 8618
92 0 0 0 8834 212 8618
93 0 1 0 8834 213 8618
94 0 0 1 8834 213 8619
95 0 0 0 8834 213 8619
96 0 0 0 8834 213 8619
97 1 0 1 8835 213 8620
98 0 0 0 8835 213 8620
99 0 0 0 8835 213 8620
100 0 0 0 8835 213 8620
101 0 0 0 8835 213 8620
102 0 0 1 8835 213 8621
103 0 0 0 8835 213 8621
104 0 0 0 8835 213 8621
105 0 0 0 8835 213 8621
106 0 0 0 8835 213 8621
107 0 0 0 8835 213 8621
108 0 0 0 8835 213 8621
109 0 0 0 8835 213 8621
110 0 0 0 8835 213 8621
